159
161
170
190
195
197
206
222
3495
3497
3499
3501
3503
3505
3507
3509
3837
3839
3841
3843
3845
3847
3849
3851
6751
6753
6755
6757
6759
6761
6763
6765
7072
7077
7098
7100
7102
7104
7105
7108
13755
13757
13759
13761
13763
13765
13767
13769
14218
14219
14228
14229
14238
14243
14248
14249
17006
17014
17019
17025
17030
17031
17040
17044
17343
17352
17353
17358
17363
17368
17377
17378
24064
24072
24074
24082
24084
24093
24094
24102
24402
24403
24412
24416
24422
24426
24432
24436
27093
27095
27097
27099
27101
27103
27105
27107
27544
27549
27554
27563
27568
27569
27574
27583
34328
34332
34334
34342
34344
34352
34354
34362
34632
34635
34638
34641
34644
34647
34650
34653
37402
37407
37412
37417
37422
37430
37435
37437
37710
37713
37716
37719
37722
37725
37728
37731
44692
44694
44698
44700
44703
44708
44710
44713
44994
44999
45004
45009
45013
45019
45023
45028
49039
49043
49135
49334
49347
49611
49619
49631
49633
49682
49724
49737
49738
49743
49906
49913
49943
49948
49953
50132
50212
51074
51134
51223
