0.08  8.9190562016451
0.23  5.0365098739679
0.44  3.79793201087
0.82  2.4131270053243
1.33  1.89321133767
1.98  1.5020056413852
2.9  1.1545129758285
4.12  0.9624825871719
5.79  0.75864151096705
7.7  0.705933415823
10.65  0.43352450225343
14.02  0.37368020193456
18.1  0.29478313065158
23.16  0.23974604429885
29.54  0.18761169334112
36.65  0.15909663831244
46.66  0.11512921194638
59.06  0.093330953796664
75.18  0.072683104722593
97.94  0.056786995958736
125.69  0.045393175431926
161.19  0.03605149915461
